# Fake data generated by fakedata.py
# Time	x1	x2	x3	x4	x5
0.0	1.004	0.729	1.630	1.535	1.496
0.1	1.119	0.899	1.870	1.689	1.650
0.2	1.229	1.064	2.097	1.834	1.794
0.3	1.333	1.223	2.307	1.968	1.924
0.4	1.431	1.374	2.497	2.091	2.041
0.5	1.521	1.514	2.667	2.202	2.142
0.6	1.605	1.641	2.813	2.299	2.227
0.7	1.680	1.755	2.933	2.383	2.295
0.8	1.748	1.853	3.027	2.453	2.345
0.9	1.807	1.934	3.093	2.508	2.377
1.0	1.858	1.997	3.131	2.549	2.390
1.1	1.900	2.042	3.141	2.574	2.385
1.2	1.934	2.069	3.121	2.585	2.362
1.3	1.959	2.076	3.073	2.581	2.320
1.4	1.976	2.065	2.997	2.562	2.261
1.5	1.985	2.036	2.895	2.530	2.185
1.6	1.986	1.989	2.768	2.485	2.093
1.7	1.979	1.925	2.617	2.427	1.986
1.8	1.965	1.847	2.445	2.357	1.866
1.9	1.944	1.754	2.255	2.276	1.733
2.0	1.916	1.650	2.048	2.186	1.589
2.1	1.883	1.535	1.827	2.087	1.436
2.2	1.844	1.412	1.595	1.980	1.275
2.3	1.800	1.283	1.356	1.868	1.107
2.4	1.752	1.151	1.112	1.750	0.936
2.5	1.700	1.016	0.866	1.628	0.762
2.6	1.645	0.883	0.622	1.504	0.587
2.7	1.588	0.752	0.383	1.379	0.413
2.8	1.528	0.626	0.151	1.254	0.242
2.9	1.467	0.508	-0.071	1.130	0.074
3.0	1.405	0.398	-0.280	1.008	-0.087
3.1	1.342	0.299	-0.474	0.890	-0.241
3.2	1.280	0.213	-0.650	0.776	-0.387
3.3	1.218	0.140	-0.807	0.668	-0.523
3.4	1.157	0.081	-0.944	0.566	-0.648
3.5	1.097	0.039	-1.058	0.471	-0.762
3.6	1.040	0.012	-1.149	0.384	-0.863
3.7	0.984	0.002	-1.217	0.305	-0.951
3.8	0.931	0.009	-1.261	0.235	-1.025
3.9	0.880	0.031	-1.281	0.173	-1.086
4.0	0.833	0.069	-1.278	0.121	-1.133
4.1	0.789	0.122	-1.252	0.079	-1.166
4.2	0.747	0.189	-1.205	0.045	-1.186
4.3	0.710	0.268	-1.137	0.021	-1.192
4.4	0.675	0.358	-1.051	0.006	-1.185
4.5	0.645	0.457	-0.947	0.000	-1.166
4.6	0.617	0.564	-0.829	0.002	-1.135
4.7	0.594	0.676	-0.698	0.013	-1.094
4.8	0.573	0.791	-0.556	0.031	-1.043
4.9	0.557	0.908	-0.406	0.055	-0.983
5.0	0.543	1.023	-0.250	0.087	-0.915
5.1	0.533	1.136	-0.091	0.124	-0.840
5.2	0.526	1.244	0.070	0.166	-0.759
5.3	0.522	1.344	0.229	0.212	-0.673
5.4	0.521	1.436	0.385	0.263	-0.584
5.5	0.523	1.517	0.536	0.316	-0.492
5.6	0.528	1.587	0.680	0.372	-0.398
5.7	0.535	1.642	0.815	0.430	-0.303
5.8	0.544	1.684	0.939	0.489	-0.208
5.9	0.556	1.710	1.052	0.548	-0.114
6.0	0.569	1.720	1.153	0.608	-0.022
6.1	0.585	1.714	1.240	0.667	0.068
6.2	0.602	1.692	1.313	0.725	0.156
6.3	0.621	1.653	1.372	0.783	0.240
6.4	0.641	1.599	1.417	0.838	0.321
6.5	0.662	1.531	1.448	0.891	0.397
6.6	0.684	1.448	1.466	0.942	0.470
6.7	0.707	1.353	1.471	0.991	0.538
6.8	0.731	1.246	1.465	1.037	0.602
6.9	0.755	1.130	1.448	1.079	0.661
7.0	0.779	1.006	1.422	1.119	0.716
7.1	0.804	0.876	1.388	1.156	0.766
7.2	0.828	0.742	1.346	1.190	0.813
7.3	0.852	0.606	1.300	1.220	0.855
7.4	0.875	0.470	1.250	1.247	0.894
7.5	0.897	0.335	1.198	1.271	0.929
7.6	0.918	0.205	1.146	1.291	0.960
7.7	0.937	0.080	1.094	1.308	0.988
7.8	0.955	-0.037	1.043	1.321	1.013
7.9	0.971	-0.144	0.996	1.331	1.036
8.0	0.984	-0.242	0.953	1.338	1.055
8.1	0.995	-0.327	0.915	1.341	1.071
8.2	1.003	-0.400	0.883	1.341	1.085
8.3	1.008	-0.459	0.857	1.337	1.095
8.4	1.010	-0.503	0.837	1.329	1.103
8.5	1.008	-0.533	0.824	1.317	1.108
8.6	1.002	-0.549	0.817	1.302	1.110
8.7	0.992	-0.550	0.817	1.282	1.109
8.8	0.978	-0.537	0.821	1.258	1.104
8.9	0.959	-0.512	0.831	1.230	1.096
9.0	0.935	-0.474	0.845	1.198	1.083
9.1	0.906	-0.425	0.861	1.161	1.066
9.2	0.872	-0.366	0.880	1.119	1.044
9.3	0.834	-0.299	0.898	1.073	1.018
9.4	0.790	-0.226	0.917	1.022	0.986
9.5	0.741	-0.148	0.933	0.966	0.949
9.6	0.687	-0.068	0.945	0.906	0.907
9.7	0.628	0.013	0.953	0.840	0.858
9.8	0.565	0.093	0.954	0.770	0.803
9.9	0.496	0.170	0.949	0.696	0.742
10.0	0.424	0.242	0.934	0.617	0.675
10.1	0.347	0.308	0.910	0.535	0.602
10.2	0.266	0.365	0.876	0.448	0.523
10.3	0.183	0.412	0.831	0.358	0.438
10.4	0.096	0.448	0.774	0.266	0.348
10.5	0.007	0.472	0.706	0.170	0.253
10.6	-0.085	0.482	0.626	0.073	0.153
10.7	-0.177	0.479	0.534	-0.025	0.049
10.8	-0.270	0.461	0.432	-0.124	-0.058
10.9	-0.364	0.428	0.319	-0.223	-0.168
11.0	-0.457	0.382	0.196	-0.322	-0.280
11.1	-0.550	0.321	0.065	-0.418	-0.392
11.2	-0.640	0.247	-0.072	-0.513	-0.504
11.3	-0.728	0.160	-0.216	-0.604	-0.615
11.4	-0.814	0.062	-0.363	-0.692	-0.724
11.5	-0.896	-0.046	-0.512	-0.775	-0.830
11.6	-0.973	-0.163	-0.661	-0.852	-0.931
11.7	-1.046	-0.287	-0.807	-0.923	-1.028
11.8	-1.114	-0.416	-0.950	-0.987	-1.117
11.9	-1.176	-0.548	-1.086	-1.044	-1.199
12.0	-1.231	-0.681	-1.215	-1.092	-1.273
12.1	-1.280	-0.813	-1.332	-1.131	-1.338
12.2	-1.322	-0.942	-1.437	-1.160	-1.392
12.3	-1.356	-1.067	-1.528	-1.180	-1.436
12.4	-1.382	-1.184	-1.604	-1.189	-1.468
12.5	-1.401	-1.292	-1.662	-1.189	-1.487
12.6	-1.412	-1.390	-1.701	-1.177	-1.495
12.7	-1.414	-1.476	-1.721	-1.155	-1.490
12.8	-1.409	-1.548	-1.720	-1.122	-1.472
12.9	-1.395	-1.605	-1.698	-1.079	-1.441
13.0	-1.374	-1.646	-1.656	-1.026	-1.398
13.1	-1.345	-1.671	-1.592	-0.963	-1.343
13.2	-1.308	-1.678	-1.508	-0.891	-1.276
13.3	-1.265	-1.669	-1.404	-0.811	-1.198
13.4	-1.215	-1.642	-1.281	-0.723	-1.109
13.5	-1.159	-1.599	-1.141	-0.628	-1.011
13.6	-1.096	-1.539	-0.985	-0.526	-0.904
13.7	-1.029	-1.464	-0.815	-0.420	-0.791
13.8	-0.957	-1.375	-0.633	-0.309	-0.671
13.9	-0.881	-1.273	-0.441	-0.195	-0.546
14.0	-0.802	-1.160	-0.243	-0.080	-0.418
14.1	-0.720	-1.037	-0.039	0.037	-0.287
14.2	-0.636	-0.907	0.166	0.153	-0.156
14.3	-0.550	-0.771	0.371	0.268	-0.026
14.4	-0.464	-0.632	0.572	0.380	0.101
14.5	-0.378	-0.492	0.767	0.488	0.225
14.6	-0.292	-0.353	0.953	0.591	0.344
14.7	-0.207	-0.217	1.127	0.689	0.457
14.8	-0.124	-0.086	1.287	0.780	0.561
14.9	-0.044	0.037	1.431	0.863	0.657
15.0	0.034	0.151	1.556	0.938	0.744
15.1	0.108	0.254	1.661	1.004	0.819
15.2	0.179	0.344	1.745	1.060	0.883
15.3	0.245	0.421	1.806	1.106	0.935
15.4	0.307	0.482	1.842	1.142	0.975
15.5	0.364	0.527	1.855	1.166	1.002
15.6	0.416	0.556	1.842	1.180	1.015
15.7	0.463	0.567	1.805	1.183	1.016
15.8	0.504	0.561	1.744	1.175	1.003
15.9	0.540	0.539	1.659	1.157	0.979
16.0	0.571	0.500	1.551	1.128	0.942
16.1	0.596	0.445	1.423	1.090	0.894
16.2	0.615	0.376	1.276	1.042	0.835
16.3	0.629	0.293	1.111	0.986	0.766
16.4	0.638	0.198	0.931	0.923	0.689
16.5	0.642	0.093	0.738	0.852	0.604
16.6	0.642	-0.021	0.535	0.775	0.512
16.7	0.636	-0.140	0.325	0.692	0.416
16.8	0.627	-0.265	0.110	0.606	0.315
16.9	0.613	-0.391	-0.107	0.516	0.211
17.0	0.595	-0.518	-0.323	0.423	0.106
17.1	0.574	-0.642	-0.535	0.329	0.000
17.2	0.550	-0.762	-0.741	0.235	-0.104
17.3	0.523	-0.875	-0.938	0.141	-0.207
17.4	0.494	-0.981	-1.123	0.048	-0.306
17.5	0.462	-1.076	-1.295	-0.042	-0.400
17.6	0.428	-1.159	-1.450	-0.130	-0.489
17.7	0.393	-1.229	-1.589	-0.214	-0.572
17.8	0.356	-1.284	-1.708	-0.294	-0.648
17.9	0.318	-1.324	-1.807	-0.370	-0.716
18.0	0.279	-1.348	-1.885	-0.440	-0.777
18.1	0.239	-1.355	-1.941	-0.505	-0.828
18.2	0.199	-1.345	-1.976	-0.564	-0.872
18.3	0.158	-1.318	-1.988	-0.617	-0.906
18.4	0.117	-1.275	-1.980	-0.663	-0.931
18.5	0.076	-1.216	-1.950	-0.704	-0.948
18.6	0.034	-1.142	-1.901	-0.739	-0.957
18.7	-0.007	-1.055	-1.834	-0.768	-0.958
18.8	-0.047	-0.955	-1.750	-0.791	-0.951
18.9	-0.088	-0.845	-1.651	-0.810	-0.938
19.0	-0.128	-0.726	-1.539	-0.823	-0.918
19.1	-0.167	-0.600	-1.416	-0.832	-0.893
19.2	-0.206	-0.469	-1.285	-0.837	-0.864
19.3	-0.245	-0.336	-1.147	-0.838	-0.831
19.4	-0.282	-0.201	-1.005	-0.836	-0.795
19.5	-0.319	-0.068	-0.862	-0.832	-0.756
19.6	-0.356	0.061	-0.720	-0.826	-0.717
19.7	-0.391	0.184	-0.581	-0.819	-0.677
19.8	-0.425	0.300	-0.447	-0.811	-0.638
19.9	-0.459	0.406	-0.321	-0.803	-0.600
20.0	-0.491	0.500	-0.204	-0.794	-0.563
20.1	-0.522	0.582	-0.099	-0.787	-0.529
20.2	-0.552	0.650	-0.006	-0.780	-0.498
20.3	-0.580	0.702	0.074	-0.774	-0.471
20.4	-0.607	0.738	0.138	-0.770	-0.447
20.5	-0.632	0.758	0.187	-0.768	-0.427
20.6	-0.655	0.761	0.221	-0.767	-0.411
20.7	-0.677	0.747	0.238	-0.769	-0.399
20.8	-0.696	0.716	0.239	-0.773	-0.392
20.9	-0.713	0.670	0.225	-0.779	-0.388
21.0	-0.728	0.608	0.196	-0.787	-0.388
21.1	-0.741	0.532	0.154	-0.797	-0.391
21.2	-0.751	0.443	0.099	-0.808	-0.398
21.3	-0.759	0.342	0.032	-0.821	-0.406
21.4	-0.764	0.232	-0.045	-0.836	-0.417
21.5	-0.767	0.114	-0.129	-0.851	-0.428
21.6	-0.767	-0.010	-0.220	-0.867	-0.441
21.7	-0.764	-0.137	-0.315	-0.884	-0.453
21.8	-0.758	-0.267	-0.413	-0.901	-0.465
21.9	-0.750	-0.396	-0.512	-0.918	-0.476
22.0	-0.740	-0.523	-0.609	-0.934	-0.485
22.1	-0.727	-0.646	-0.703	-0.949	-0.492
22.2	-0.712	-0.762	-0.792	-0.964	-0.495
22.3	-0.695	-0.869	-0.875	-0.977	-0.495
22.4	-0.676	-0.967	-0.949	-0.989	-0.492
22.5	-0.655	-1.054	-1.015	-0.999	-0.484
22.6	-0.633	-1.127	-1.070	-1.008	-0.472
22.7	-0.610	-1.187	-1.113	-1.015	-0.455
22.8	-0.586	-1.232	-1.145	-1.020	-0.434
22.9	-0.561	-1.261	-1.164	-1.023	-0.408
23.0	-0.536	-1.275	-1.171	-1.024	-0.378
23.1	-0.512	-1.273	-1.164	-1.024	-0.343
23.2	-0.488	-1.256	-1.146	-1.022	-0.305
23.3	-0.465	-1.223	-1.116	-1.019	-0.262
23.4	-0.443	-1.176	-1.075	-1.015	-0.217
23.5	-0.422	-1.116	-1.024	-1.010	-0.169
23.6	-0.404	-1.043	-0.964	-1.005	-0.119
23.7	-0.388	-0.960	-0.897	-0.999	-0.068
23.8	-0.375	-0.867	-0.824	-0.993	-0.016
23.9	-0.364	-0.767	-0.746	-0.988	0.036
24.0	-0.357	-0.661	-0.666	-0.984	0.087
24.1	-0.353	-0.552	-0.584	-0.981	0.136
24.2	-0.353	-0.441	-0.503	-0.979	0.183
24.3	-0.356	-0.329	-0.424	-0.979	0.228
24.4	-0.364	-0.221	-0.350	-0.981	0.268
24.5	-0.375	-0.116	-0.281	-0.985	0.304
24.6	-0.391	-0.017	-0.219	-0.991	0.336
24.7	-0.410	0.074	-0.165	-1.000	0.362
24.8	-0.433	0.155	-0.121	-1.011	0.382
24.9	-0.460	0.226	-0.088	-1.025	0.396
25.0	-0.491	0.284	-0.066	-1.042	0.404
25.1	-0.526	0.330	-0.056	-1.061	0.405
25.2	-0.563	0.361	-0.057	-1.082	0.400
25.3	-0.604	0.378	-0.072	-1.106	0.388
25.4	-0.647	0.381	-0.098	-1.131	0.370
25.5	-0.692	0.368	-0.136	-1.158	0.346
25.6	-0.740	0.341	-0.185	-1.186	0.316
25.7	-0.789	0.301	-0.244	-1.215	0.281
25.8	-0.839	0.247	-0.313	-1.244	0.241
25.9	-0.889	0.181	-0.389	-1.273	0.197
26.0	-0.940	0.104	-0.472	-1.302	0.150
26.1	-0.990	0.017	-0.559	-1.329	0.100
26.2	-1.039	-0.077	-0.649	-1.354	0.049
26.3	-1.087	-0.178	-0.741	-1.378	-0.004
26.4	-1.133	-0.283	-0.832	-1.398	-0.057
26.5	-1.177	-0.390	-0.921	-1.415	-0.109
26.6	-1.218	-0.498	-1.005	-1.429	-0.160
26.7	-1.257	-0.604	-1.083	-1.438	-0.208
26.8	-1.291	-0.707	-1.153	-1.442	-0.254
26.9	-1.322	-0.804	-1.214	-1.442	-0.296
27.0	-1.349	-0.893	-1.264	-1.436	-0.334
27.1	-1.371	-0.973	-1.301	-1.425	-0.366
27.2	-1.389	-1.043	-1.324	-1.408	-0.393
27.3	-1.402	-1.100	-1.333	-1.385	-0.415
27.4	-1.410	-1.144	-1.327	-1.356	-0.430
27.5	-1.413	-1.173	-1.306	-1.321	-0.439
27.6	-1.410	-1.187	-1.268	-1.280	-0.442
27.7	-1.403	-1.185	-1.215	-1.234	-0.438
27.8	-1.390	-1.167	-1.147	-1.183	-0.427
27.9	-1.373	-1.134	-1.063	-1.127	-0.411
28.0	-1.350	-1.084	-0.966	-1.065	-0.389
28.1	-1.323	-1.020	-0.856	-1.000	-0.362
28.2	-1.291	-0.941	-0.735	-0.931	-0.329
28.3	-1.255	-0.848	-0.604	-0.860	-0.293
28.4	-1.214	-0.744	-0.465	-0.785	-0.252
28.5	-1.170	-0.629	-0.319	-0.709	-0.209
28.6	-1.122	-0.505	-0.169	-0.631	-0.163
28.7	-1.071	-0.374	-0.018	-0.553	-0.116
28.8	-1.017	-0.237	0.134	-0.475	-0.069
28.9	-0.960	-0.097	0.283	-0.398	-0.021
29.0	-0.901	0.043	0.428	-0.322	0.026
29.1	-0.840	0.183	0.566	-0.247	0.071
29.2	-0.778	0.320	0.695	-0.176	0.114
29.3	-0.713	0.452	0.814	-0.107	0.153
29.4	-0.648	0.577	0.921	-0.042	0.190
29.5	-0.582	0.694	1.013	0.020	0.222
29.6	-0.515	0.800	1.091	0.077	0.249
29.7	-0.447	0.894	1.152	0.130	0.272
29.8	-0.380	0.975	1.195	0.179	0.290
29.9	-0.312	1.041	1.221	0.222	0.302
30.0	-0.244	1.093	1.228	0.261	0.309
30.1	-0.177	1.129	1.217	0.296	0.311
30.2	-0.110	1.149	1.188	0.326	0.307
30.3	-0.044	1.154	1.142	0.351	0.299
30.4	0.022	1.142	1.079	0.373	0.287
30.5	0.088	1.115	1.001	0.391	0.271
30.6	0.153	1.074	0.909	0.406	0.251
30.7	0.217	1.020	0.805	0.418	0.229
30.8	0.280	0.954	0.690	0.428	0.204
30.9	0.343	0.877	0.567	0.437	0.179
31.0	0.406	0.790	0.437	0.444	0.153
31.1	0.468	0.697	0.304	0.451	0.127
31.2	0.529	0.599	0.169	0.458	0.103
31.3	0.589	0.497	0.035	0.466	0.081
31.4	0.650	0.395	-0.096	0.475	0.061
31.5	0.709	0.293	-0.222	0.486	0.045
31.6	0.768	0.194	-0.339	0.499	0.034
31.7	0.826	0.101	-0.446	0.516	0.027
31.8	0.884	0.015	-0.540	0.535	0.026
31.9	0.941	-0.062	-0.621	0.558	0.031
32.0	0.997	-0.129	-0.685	0.586	0.042
32.1	1.052	-0.183	-0.733	0.617	0.060
32.2	1.105	-0.223	-0.761	0.653	0.085
32.3	1.158	-0.249	-0.771	0.693	0.117
32.4	1.209	-0.259	-0.761	0.738	0.155
32.5	1.259	-0.253	-0.730	0.787	0.201
32.6	1.307	-0.230	-0.680	0.839	0.252
32.7	1.353	-0.191	-0.610	0.896	0.309
32.8	1.397	-0.135	-0.521	0.956	0.372
32.9	1.438	-0.064	-0.414	1.019	0.439
33.0	1.477	0.023	-0.291	1.084	0.510
33.1	1.512	0.123	-0.152	1.151	0.584
33.2	1.545	0.236	-0.000	1.219	0.659
33.3	1.575	0.361	0.163	1.287	0.736
33.4	1.600	0.494	0.335	1.356	0.813
33.5	1.623	0.636	0.514	1.423	0.888
33.6	1.641	0.783	0.696	1.489	0.961
33.7	1.655	0.933	0.881	1.552	1.031
33.8	1.665	1.085	1.064	1.612	1.096
33.9	1.670	1.236	1.244	1.668	1.156
34.0	1.672	1.383	1.417	1.719	1.209
34.1	1.669	1.526	1.581	1.764	1.255
34.2	1.661	1.660	1.735	1.804	1.292
34.3	1.649	1.785	1.875	1.837	1.320
34.4	1.633	1.898	2.000	1.863	1.338
34.5	1.613	1.999	2.107	1.882	1.346
34.6	1.589	2.084	2.196	1.893	1.343
34.7	1.560	2.154	2.265	1.896	1.329
34.8	1.529	2.206	2.313	1.890	1.303
34.9	1.493	2.241	2.339	1.877	1.267
35.0	1.455	2.257	2.343	1.855	1.220
35.1	1.414	2.254	2.325	1.826	1.162
35.2	1.371	2.233	2.286	1.788	1.094
35.3	1.326	2.194	2.225	1.744	1.016
35.4	1.279	2.137	2.144	1.692	0.930
35.5	1.231	2.064	2.045	1.634	0.835
35.6	1.182	1.974	1.927	1.570	0.734
35.7	1.133	1.871	1.794	1.501	0.626
35.8	1.084	1.755	1.648	1.427	0.514
35.9	1.035	1.628	1.489	1.350	0.398
36.0	0.987	1.492	1.321	1.270	0.280
36.1	0.941	1.350	1.147	1.187	0.162
36.2	0.896	1.202	0.967	1.103	0.043
36.3	0.854	1.052	0.786	1.019	-0.074
36.4	0.813	0.902	0.606	0.936	-0.188
36.5	0.776	0.754	0.428	0.853	-0.297
36.6	0.741	0.610	0.257	0.773	-0.401
36.7	0.709	0.472	0.093	0.695	-0.498
36.8	0.681	0.342	-0.061	0.621	-0.588
36.9	0.656	0.221	-0.203	0.552	-0.668
37.0	0.634	0.113	-0.331	0.487	-0.739
37.1	0.617	0.017	-0.444	0.427	-0.800
37.2	0.602	-0.065	-0.540	0.373	-0.850
37.3	0.591	-0.131	-0.618	0.325	-0.888
37.4	0.584	-0.182	-0.678	0.283	-0.915
37.5	0.580	-0.217	-0.719	0.248	-0.930
37.6	0.579	-0.236	-0.741	0.220	-0.932
37.7	0.581	-0.238	-0.744	0.199	-0.923
37.8	0.586	-0.225	-0.729	0.184	-0.903
37.9	0.593	-0.198	-0.696	0.175	-0.871
38.0	0.602	-0.156	-0.647	0.173	-0.828
38.1	0.613	-0.101	-0.582	0.177	-0.776
38.2	0.625	-0.035	-0.502	0.186	-0.714
38.3	0.639	0.041	-0.411	0.200	-0.644
38.4	0.653	0.125	-0.309	0.220	-0.566
38.5	0.667	0.215	-0.198	0.243	-0.482
38.6	0.682	0.310	-0.080	0.270	-0.392
38.7	0.696	0.407	0.042	0.300	-0.299
38.8	0.709	0.504	0.166	0.332	-0.201
38.9	0.721	0.599	0.291	0.366	-0.102
39.0	0.732	0.690	0.415	0.401	-0.002
39.1	0.741	0.776	0.535	0.437	0.098
39.2	0.749	0.854	0.649	0.474	0.196
39.3	0.754	0.922	0.756	0.509	0.293
39.4	0.757	0.980	0.855	0.544	0.386
39.5	0.757	1.026	0.943	0.577	0.475
39.6	0.754	1.058	1.020	0.609	0.559
39.7	0.748	1.077	1.085	0.638	0.638
39.8	0.740	1.080	1.137	0.664	0.710
39.9	0.728	1.069	1.176	0.688	0.776
40.0	0.714	1.042	1.201	0.709	0.835
40.1	0.697	1.000	1.213	0.727	0.886
40.2	0.676	0.944	1.212	0.741	0.929
40.3	0.653	0.873	1.198	0.752	0.966
40.4	0.627	0.790	1.172	0.760	0.994
40.5	0.598	0.695	1.135	0.764	1.015
40.6	0.567	0.589	1.088	0.765	1.028
40.7	0.533	0.474	1.033	0.764	1.034
40.8	0.497	0.352	0.970	0.759	1.034
40.9	0.459	0.225	0.902	0.752	1.027
41.0	0.420	0.093	0.830	0.742	1.014
41.1	0.379	-0.039	0.755	0.730	0.996
41.2	0.336	-0.172	0.679	0.715	0.973
41.3	0.292	-0.302	0.604	0.699	0.945
41.4	0.247	-0.428	0.532	0.682	0.913
41.5	0.201	-0.548	0.463	0.662	0.878
41.6	0.154	-0.660	0.399	0.642	0.840
41.7	0.107	-0.763	0.341	0.621	0.799
41.8	0.060	-0.854	0.290	0.599	0.757
41.9	0.012	-0.934	0.247	0.576	0.712
42.0	-0.035	-1.000	0.213	0.552	0.666
42.1	-0.083	-1.052	0.187	0.527	0.619
42.2	-0.131	-1.090	0.171	0.502	0.572
42.3	-0.178	-1.113	0.165	0.477	0.523
42.4	-0.225	-1.121	0.167	0.451	0.474
42.5	-0.271	-1.114	0.177	0.424	0.425
42.6	-0.317	-1.092	0.196	0.396	0.375
42.7	-0.363	-1.057	0.221	0.367	0.324
42.8	-0.408	-1.010	0.252	0.337	0.273
42.9	-0.452	-0.951	0.288	0.306	0.221
43.0	-0.496	-0.882	0.327	0.274	0.168
43.1	-0.539	-0.804	0.368	0.240	0.114
43.2	-0.581	-0.719	0.410	0.204	0.060
43.3	-0.622	-0.629	0.450	0.167	0.003
43.4	-0.662	-0.536	0.488	0.128	-0.055
43.5	-0.701	-0.442	0.521	0.087	-0.114
43.6	-0.739	-0.348	0.548	0.045	-0.175
43.7	-0.776	-0.257	0.568	-0.000	-0.238
43.8	-0.811	-0.171	0.579	-0.047	-0.303
43.9	-0.845	-0.091	0.581	-0.096	-0.370
44.0	-0.877	-0.018	0.571	-0.146	-0.438
44.1	-0.907	0.044	0.550	-0.198	-0.508
44.2	-0.935	0.096	0.516	-0.251	-0.580
44.3	-0.961	0.135	0.470	-0.305	-0.652
44.4	-0.985	0.162	0.410	-0.360	-0.725
44.5	-1.005	0.174	0.338	-0.415	-0.799
44.6	-1.023	0.172	0.253	-0.470	-0.872
44.7	-1.038	0.156	0.157	-0.524	-0.944
44.8	-1.049	0.125	0.049	-0.577	-1.014
44.9	-1.057	0.080	-0.069	-0.628	-1.083
45.0	-1.060	0.021	-0.195	-0.677	-1.148
45.1	-1.060	-0.050	-0.328	-0.723	-1.210
45.2	-1.056	-0.133	-0.467	-0.765	-1.267
45.3	-1.047	-0.227	-0.609	-0.803	-1.319
45.4	-1.034	-0.329	-0.753	-0.836	-1.364
45.5	-1.015	-0.439	-0.896	-0.863	-1.402
45.6	-0.993	-0.554	-1.037	-0.885	-1.433
45.7	-0.965	-0.673	-1.172	-0.900	-1.455
45.8	-0.932	-0.793	-1.300	-0.907	-1.467
45.9	-0.895	-0.913	-1.419	-0.907	-1.470
46.0	-0.852	-1.029	-1.526	-0.900	-1.462
46.1	-0.805	-1.141	-1.619	-0.884	-1.444
46.2	-0.753	-1.247	-1.697	-0.859	-1.414
46.3	-0.697	-1.343	-1.758	-0.826	-1.372
46.4	-0.636	-1.429	-1.800	-0.784	-1.319
46.5	-0.572	-1.503	-1.823	-0.734	-1.254
46.6	-0.504	-1.564	-1.825	-0.675	-1.178
46.7	-0.433	-1.609	-1.806	-0.608	-1.091
46.8	-0.358	-1.638	-1.765	-0.534	-0.993
46.9	-0.282	-1.651	-1.702	-0.452	-0.885
47.0	-0.204	-1.646	-1.618	-0.363	-0.767
47.1	-0.124	-1.624	-1.513	-0.268	-0.642
47.2	-0.043	-1.584	-1.388	-0.168	-0.509
47.3	0.037	-1.528	-1.244	-0.064	-0.369
47.4	0.118	-1.454	-1.084	0.044	-0.225
47.5	0.197	-1.365	-0.908	0.155	-0.077
47.6	0.275	-1.261	-0.718	0.266	0.073
47.7	0.351	-1.145	-0.518	0.378	0.224
47.8	0.424	-1.016	-0.310	0.490	0.374
47.9	0.494	-0.878	-0.096	0.599	0.522
48.0	0.559	-0.732	0.122	0.705	0.666
48.1	0.621	-0.580	0.339	0.807	0.804
48.2	0.677	-0.424	0.554	0.903	0.935
48.3	0.728	-0.267	0.763	0.993	1.058
48.4	0.773	-0.111	0.963	1.075	1.170
48.5	0.811	0.041	1.152	1.149	1.271
48.6	0.843	0.188	1.326	1.212	1.359
48.7	0.868	0.328	1.485	1.266	1.434
48.8	0.886	0.458	1.624	1.308	1.494
48.9	0.897	0.576	1.742	1.339	1.538
49.0	0.900	0.681	1.838	1.357	1.565
49.1	0.895	0.771	1.909	1.363	1.576
49.2	0.884	0.845	1.955	1.355	1.570
49.3	0.865	0.901	1.974	1.335	1.546
49.4	0.839	0.940	1.967	1.301	1.505
49.5	0.805	0.960	1.933	1.254	1.447
49.6	0.766	0.961	1.871	1.195	1.373
49.7	0.720	0.944	1.784	1.123	1.282
49.8	0.668	0.908	1.671	1.039	1.177
49.9	0.610	0.854	1.535	0.945	1.057
50.0	0.548	0.784	1.376	0.839	0.924
50.1	0.481	0.699	1.196	0.724	0.779
50.2	0.410	0.599	0.998	0.601	0.624
50.3	0.336	0.487	0.784	0.470	0.461
50.4	0.259	0.364	0.556	0.332	0.290
50.5	0.180	0.232	0.318	0.190	0.113
50.6	0.100	0.094	0.072	0.043	-0.067
50.7	0.018	-0.049	-0.179	-0.107	-0.250
50.8	-0.063	-0.193	-0.432	-0.259	-0.432
50.9	-0.145	-0.338	-0.683	-0.411	-0.613
51.0	-0.225	-0.480	-0.930	-0.562	-0.791
51.1	-0.304	-0.618	-1.170	-0.711	-0.964
51.2	-0.381	-0.749	-1.400	-0.856	-1.129
51.3	-0.455	-0.871	-1.618	-0.998	-1.287
51.4	-0.526	-0.982	-1.821	-1.134	-1.435
51.5	-0.594	-1.082	-2.007	-1.263	-1.572
51.6	-0.658	-1.168	-2.174	-1.385	-1.697
51.7	-0.718	-1.239	-2.320	-1.499	-1.808
51.8	-0.773	-1.294	-2.444	-1.604	-1.905
51.9	-0.824	-1.332	-2.546	-1.699	-1.988
52.0	-0.870	-1.354	-2.624	-1.785	-2.055
52.1	-0.910	-1.359	-2.677	-1.860	-2.106
52.2	-0.946	-1.346	-2.707	-1.925	-2.141
52.3	-0.976	-1.318	-2.713	-1.978	-2.160
52.4	-1.002	-1.273	-2.696	-2.021	-2.163
52.5	-1.022	-1.214	-2.656	-2.053	-2.150
52.6	-1.037	-1.140	-2.596	-2.074	-2.123
52.7	-1.048	-1.055	-2.516	-2.085	-2.080
52.8	-1.054	-0.959	-2.418	-2.086	-2.024
52.9	-1.055	-0.854	-2.304	-2.077	-1.955
53.0	-1.052	-0.742	-2.176	-2.059	-1.874
53.1	-1.044	-0.625	-2.036	-2.032	-1.782
53.2	-1.034	-0.505	-1.886	-1.997	-1.680
53.3	-1.019	-0.384	-1.730	-1.955	-1.569
53.4	-1.002	-0.265	-1.568	-1.907	-1.450
53.5	-0.981	-0.149	-1.403	-1.852	-1.326
53.6	-0.958	-0.038	-1.239	-1.793	-1.196
53.7	-0.933	0.066	-1.076	-1.729	-1.063
53.8	-0.906	0.161	-0.917	-1.661	-0.927
53.9	-0.877	0.245	-0.763	-1.591	-0.790
54.0	-0.847	0.318	-0.617	-1.518	-0.653
54.1	-0.816	0.378	-0.481	-1.444	-0.517
54.2	-0.784	0.423	-0.354	-1.369	-0.382
54.3	-0.752	0.454	-0.239	-1.294	-0.251
54.4	-0.720	0.470	-0.136	-1.220	-0.123
54.5	-0.687	0.471	-0.047	-1.146	0.000
54.6	-0.655	0.457	0.030	-1.074	0.119
54.7	-0.624	0.428	0.093	-1.004	0.231
54.8	-0.593	0.385	0.143	-0.936	0.337
54.9	-0.563	0.328	0.181	-0.871	0.437
55.0	-0.535	0.260	0.206	-0.808	0.529
55.1	-0.507	0.180	0.220	-0.749	0.615
55.2	-0.481	0.092	0.223	-0.693	0.693
55.3	-0.457	-0.005	0.217	-0.641	0.764
55.4	-0.434	-0.107	0.202	-0.593	0.827
55.5	-0.414	-0.214	0.181	-0.548	0.884
55.6	-0.395	-0.322	0.155	-0.507	0.933
55.7	-0.378	-0.431	0.124	-0.470	0.976
55.8	-0.364	-0.538	0.091	-0.437	1.011
55.9	-0.352	-0.641	0.056	-0.407	1.041
56.0	-0.342	-0.739	0.022	-0.382	1.063
56.1	-0.335	-0.829	-0.011	-0.360	1.080
56.2	-0.331	-0.911	-0.042	-0.343	1.091
56.3	-0.329	-0.982	-0.069	-0.329	1.097
56.4	-0.330	-1.042	-0.092	-0.319	1.097
56.5	-0.334	-1.088	-0.110	-0.313	1.092
56.6	-0.341	-1.122	-0.123	-0.311	1.081
56.7	-0.352	-1.141	-0.130	-0.313	1.066
56.8	-0.365	-1.146	-0.131	-0.318	1.046
56.9	-0.381	-1.136	-0.127	-0.328	1.021
57.0	-0.400	-1.112	-0.117	-0.341	0.991
57.1	-0.423	-1.074	-0.102	-0.358	0.957
57.2	-0.449	-1.023	-0.083	-0.380	0.918
57.3	-0.478	-0.960	-0.060	-0.405	0.874
57.4	-0.510	-0.885	-0.035	-0.434	0.826
57.5	-0.545	-0.800	-0.009	-0.467	0.773
57.6	-0.583	-0.708	0.018	-0.505	0.715
57.7	-0.623	-0.608	0.044	-0.546	0.652
57.8	-0.667	-0.504	0.067	-0.590	0.584
57.9	-0.712	-0.396	0.087	-0.639	0.512
58.0	-0.760	-0.287	0.103	-0.691	0.434
58.1	-0.810	-0.179	0.112	-0.746	0.353
58.2	-0.861	-0.074	0.113	-0.805	0.266
58.3	-0.913	0.027	0.107	-0.866	0.176
58.4	-0.967	0.122	0.091	-0.929	0.082
58.5	-1.021	0.208	0.066	-0.995	-0.016
58.6	-1.075	0.285	0.030	-1.062	-0.117
58.7	-1.129	0.352	-0.017	-1.130	-0.220
58.8	-1.181	0.406	-0.075	-1.198	-0.326
58.9	-1.233	0.447	-0.144	-1.267	-0.433
59.0	-1.283	0.475	-0.224	-1.335	-0.540
59.1	-1.330	0.488	-0.314	-1.401	-0.648
59.2	-1.374	0.487	-0.413	-1.465	-0.754
59.3	-1.415	0.472	-0.521	-1.526	-0.858
59.4	-1.452	0.443	-0.636	-1.583	-0.960
59.5	-1.484	0.400	-0.757	-1.636	-1.057
59.6	-1.512	0.345	-0.882	-1.683	-1.150
59.7	-1.534	0.279	-1.009	-1.724	-1.236
59.8	-1.550	0.202	-1.137	-1.758	-1.315
59.9	-1.559	0.117	-1.263	-1.785	-1.387
60.0	-1.562	0.024	-1.385	-1.803	-1.449
60.1	-1.558	-0.074	-1.502	-1.811	-1.501
60.2	-1.546	-0.175	-1.610	-1.810	-1.542
60.3	-1.526	-0.278	-1.709	-1.799	-1.571
60.4	-1.499	-0.379	-1.795	-1.776	-1.587
60.5	-1.463	-0.478	-1.867	-1.743	-1.590
60.6	-1.419	-0.573	-1.923	-1.698	-1.580
60.7	-1.368	-0.660	-1.961	-1.641	-1.555
60.8	-1.308	-0.738	-1.980	-1.572	-1.515
60.9	-1.239	-0.807	-1.978	-1.491	-1.461
61.0	-1.164	-0.862	-1.954	-1.398	-1.392
61.1	-1.080	-0.905	-1.909	-1.294	-1.309
61.2	-0.990	-0.932	-1.840	-1.179	-1.211
61.3	-0.892	-0.943	-1.748	-1.053	-1.100
61.4	-0.789	-0.938	-1.634	-0.916	-0.976
61.5	-0.679	-0.916	-1.497	-0.771	-0.840
61.6	-0.564	-0.876	-1.339	-0.617	-0.692
61.7	-0.445	-0.819	-1.161	-0.455	-0.534
61.8	-0.321	-0.745	-0.963	-0.287	-0.368
61.9	-0.195	-0.655	-0.749	-0.113	-0.194
62.0	-0.065	-0.549	-0.519	0.065	-0.013
62.1	0.066	-0.429	-0.277	0.246	0.171
62.2	0.198	-0.296	-0.024	0.428	0.359
62.3	0.330	-0.151	0.236	0.611	0.547
62.4	0.462	0.003	0.501	0.793	0.735
62.5	0.592	0.165	0.768	0.973	0.920
62.6	0.720	0.332	1.034	1.149	1.101
62.7	0.845	0.503	1.296	1.320	1.277
62.8	0.966	0.674	1.551	1.484	1.444
62.9	1.083	0.845	1.795	1.641	1.602
63.0	1.194	1.012	2.026	1.789	1.749
63.1	1.300	1.173	2.242	1.926	1.884
63.2	1.400	1.327	2.439	2.053	2.005
63.3	1.493	1.470	2.615	2.168	2.112
63.4	1.579	1.602	2.769	2.270	2.202
63.5	1.657	1.720	2.898	2.358	2.275
63.6	1.727	1.823	3.000	2.432	2.331
63.7	1.789	1.910	3.075	2.492	2.369
63.8	1.843	1.979	3.122	2.537	2.388
63.9	1.888	2.030	3.141	2.568	2.389
64.0	1.924	2.063	3.130	2.583	2.371
64.1	1.952	2.076	3.091	2.584	2.335
64.2	1.972	2.071	3.024	2.570	2.282
64.3	1.983	2.047	2.930	2.542	2.211
64.4	1.986	2.006	2.811	2.500	2.124
64.5	1.982	1.947	2.668	2.446	2.022
64.6	1.970	1.873	2.502	2.380	1.906
64.7	1.951	1.785	2.317	2.303	1.777
64.8	1.926	1.684	2.115	2.216	1.636
64.9	1.894	1.573	1.898	2.119	1.485
65.0	1.857	1.452	1.670	2.015	1.327
65.1	1.815	1.325	1.433	1.904	1.161
65.2	1.768	1.193	1.190	1.788	0.991
65.3	1.717	1.059	0.944	1.667	0.818
65.4	1.663	0.925	0.700	1.544	0.643
65.5	1.606	0.793	0.458	1.419	0.468
65.6	1.547	0.666	0.224	1.294	0.296
65.7	1.486	0.544	-0.002	1.169	0.127
65.8	1.424	0.432	-0.215	1.047	-0.036
65.9	1.362	0.329	-0.414	0.927	-0.193
66.0	1.299	0.239	-0.596	0.812	-0.342
66.1	1.237	0.161	-0.759	0.702	-0.481
66.2	1.176	0.098	-0.903	0.598	-0.610
66.3	1.116	0.051	-1.024	0.501	-0.727
66.4	1.058	0.019	-1.123	0.411	-0.832
66.5	1.001	0.004	-1.198	0.329	-0.924
66.6	0.947	0.005	-1.249	0.256	-1.003
66.7	0.896	0.022	-1.277	0.192	-1.068
66.8	0.848	0.056	-1.281	0.137	-1.120
66.9	0.802	0.104	-1.262	0.091	-1.157
67.0	0.760	0.166	-1.222	0.055	-1.181
67.1	0.721	0.242	-1.161	0.028	-1.191
67.2	0.686	0.328	-1.080	0.010	-1.188
67.3	0.654	0.425	-0.982	0.001	-1.173
67.4	0.626	0.529	-0.868	0.001	-1.146
67.5	0.601	0.640	-0.741	0.009	-1.108
67.6	0.579	0.754	-0.602	0.024	-1.060
67.7	0.562	0.871	-0.455	0.047	-1.003
67.8	0.547	0.987	-0.301	0.076	-0.937
67.9	0.536	1.101	-0.142	0.111	-0.864
68.0	0.528	1.210	0.018	0.152	-0.785
68.1	0.523	1.313	0.178	0.197	-0.701
68.2	0.521	1.408	0.336	0.246	-0.613
68.3	0.522	1.493	0.489	0.299	-0.521
68.4	0.526	1.566	0.635	0.354	-0.428
68.5	0.532	1.626	0.773	0.411	-0.333
68.6	0.541	1.672	0.901	0.470	-0.238
68.7	0.552	1.703	1.018	0.529	-0.144
68.8	0.565	1.718	1.122	0.589	-0.051
68.9	0.580	1.718	1.213	0.648	0.040
69.0	0.596	1.700	1.291	0.707	0.128
69.1	0.614	1.667	1.355	0.765	0.214
69.2	0.634	1.618	1.404	0.820	0.295
69.3	0.655	1.554	1.440	0.874	0.373
69.4	0.677	1.476	1.462	0.926	0.447
69.5	0.700	1.384	1.471	0.976	0.517
69.6	0.723	1.281	1.468	1.022	0.582
69.7	0.747	1.168	1.455	1.066	0.642
69.8	0.772	1.047	1.431	1.107	0.699
69.9	0.796	0.918	1.399	1.145	0.751
70.0	0.820	0.785	1.360	1.179	0.798
70.1	0.844	0.649	1.315	1.211	0.842
70.2	0.867	0.513	1.267	1.239	0.882
70.3	0.890	0.378	1.215	1.263	0.918
70.4	0.911	0.246	1.162	1.285	0.951
70.5	0.931	0.119	1.110	1.303	0.980
70.6	0.950	-0.000	1.059	1.317	1.006
70.7	0.966	-0.111	1.011	1.329	1.029
70.8	0.980	-0.212	0.967	1.336	1.049
70.9	0.992	-0.301	0.927	1.341	1.066
71.0	1.001	-0.378	0.893	1.341	1.081
71.1	1.007	-0.441	0.865	1.338	1.092
71.2	1.010	-0.491	0.843	1.332	1.101
71.3	1.009	-0.525	0.828	1.321	1.107
71.4	1.004	-0.546	0.819	1.307	1.110
71.5	0.996	-0.551	0.816	1.289	1.110
71.6	0.983	-0.543	0.819	1.266	1.106
71.7	0.965	-0.521	0.828	1.240	1.099
71.8	0.943	-0.487	0.840	1.209	1.087
71.9	0.916	-0.441	0.856	1.173	1.072
72.0	0.884	-0.386	0.874	1.133	1.052
72.1	0.847	-0.321	0.892	1.088	1.027
72.2	0.804	-0.250	0.911	1.039	0.997
72.3	0.757	-0.174	0.928	0.984	0.962
72.4	0.705	-0.094	0.942	0.925	0.921
72.5	0.647	-0.013	0.951	0.862	0.874
72.6	0.585	0.068	0.955	0.793	0.821
72.7	0.518	0.146	0.951	0.720	0.762
72.8	0.447	0.220	0.940	0.643	0.697
72.9	0.372	0.288	0.919	0.561	0.626
73.0	0.292	0.348	0.888	0.476	0.549
73.1	0.210	0.398	0.847	0.387	0.466
73.2	0.124	0.438	0.794	0.296	0.377
73.3	0.035	0.465	0.729	0.201	0.284
73.4	-0.055	0.480	0.653	0.104	0.185
73.5	-0.147	0.481	0.565	0.006	0.082
73.6	-0.241	0.468	0.466	-0.093	-0.024
73.7	-0.334	0.440	0.356	-0.192	-0.133
73.8	-0.428	0.398	0.236	-0.290	-0.244
73.9	-0.520	0.342	0.108	-0.388	-0.356
74.0	-0.612	0.272	-0.028	-0.483	-0.468
74.1	-0.701	0.189	-0.169	-0.576	-0.580
74.2	-0.787	0.095	-0.316	-0.665	-0.690
74.3	-0.870	-0.011	-0.464	-0.749	-0.797
74.4	-0.949	-0.125	-0.613	-0.828	-0.900
74.5	-1.024	-0.247	-0.761	-0.901	-0.998
74.6	-1.093	-0.374	-0.905	-0.968	-1.089
74.7	-1.157	-0.505	-1.044	-1.027	-1.174
74.8	-1.214	-0.638	-1.175	-1.077	-1.251
74.9	-1.265	-0.771	-1.296	-1.119	-1.318
75.0	-1.309	-0.902	-1.405	-1.152	-1.376
75.1	-1.346	-1.028	-1.501	-1.175	-1.423
75.2	-1.375	-1.147	-1.582	-1.188	-1.459
75.3	-1.396	-1.259	-1.645	-1.190	-1.482
75.4	-1.409	-1.360	-1.690	-1.182	-1.494
75.5	-1.414	-1.450	-1.716	-1.163	-1.493
75.6	-1.411	-1.526	-1.722	-1.134	-1.479
75.7	-1.400	-1.588	-1.707	-1.094	-1.453
75.8	-1.382	-1.635	-1.671	-1.044	-1.413
75.9	-1.355	-1.665	-1.615	-0.984	-1.362
76.0	-1.321	-1.678	-1.537	-0.915	-1.298
76.1	-1.280	-1.674	-1.439	-0.838	-1.224
76.2	-1.232	-1.652	-1.322	-0.752	-1.138
76.3	-1.177	-1.614	-1.188	-0.659	-1.043
76.4	-1.117	-1.560	-1.036	-0.559	-0.939
76.5	-1.051	-1.489	-0.871	-0.454	-0.828
76.6	-0.981	-1.405	-0.692	-0.345	-0.709
76.7	-0.906	-1.307	-0.503	-0.232	-0.586
76.8	-0.828	-1.197	-0.306	-0.117	-0.459
76.9	-0.746	-1.077	-0.104	-0.000	-0.329
77.0	-0.663	-0.949	0.101	0.116	-0.198
77.1	-0.578	-0.815	0.306	0.231	-0.068
77.2	-0.492	-0.677	0.509	0.344	0.061
77.3	-0.405	-0.537	0.706	0.454	0.186
77.4	-0.319	-0.397	0.895	0.559	0.307
77.5	-0.234	-0.260	1.073	0.659	0.422
77.6	-0.150	-0.127	1.238	0.752	0.529
77.7	-0.069	-0.001	1.387	0.838	0.628
77.8	0.010	0.116	1.518	0.915	0.717
77.9	0.085	0.223	1.630	0.984	0.796
78.0	0.157	0.317	1.721	1.044	0.864
78.1	0.225	0.398	1.789	1.093	0.920
78.2	0.288	0.464	1.833	1.132	0.964
78.3	0.347	0.515	1.853	1.160	0.994
78.4	0.400	0.548	1.849	1.177	1.012
78.5	0.449	0.565	1.819	1.183	1.017
78.6	0.492	0.565	1.766	1.179	1.009
78.7	0.529	0.548	1.688	1.164	0.988
78.8	0.562	0.514	1.588	1.138	0.955
78.9	0.588	0.464	1.466	1.103	0.910
79.0	0.610	0.399	1.325	1.059	0.855
79.1	0.625	0.320	1.165	1.005	0.789
79.2	0.636	0.229	0.990	0.944	0.715
79.3	0.642	0.127	0.801	0.875	0.632
79.4	0.642	0.016	0.601	0.800	0.542
79.5	0.638	-0.102	0.393	0.719	0.447
79.6	0.630	-0.225	0.179	0.634	0.347
79.7	0.618	-0.351	-0.038	0.545	0.244
79.8	0.601	-0.477	-0.254	0.453	0.139
79.9	0.581	-0.603	-0.468	0.359	0.034
80.0	0.558	-0.724	-0.676	0.265	-0.071
80.1	0.532	-0.840	-0.876	0.171	-0.174
80.2	0.503	-0.948	-1.065	0.078	-0.275
80.3	0.472	-1.047	-1.242	-0.014	-0.371
80.4	0.439	-1.134	-1.403	-0.103	-0.461
80.5	0.404	-1.208	-1.547	-0.188	-0.546
80.6	0.368	-1.268	-1.672	-0.269	-0.625
80.7	0.330	-1.313	-1.778	-0.346	-0.696
80.8	0.291	-1.342	-1.862	-0.418	-0.758
80.9	0.252	-1.354	-1.926	-0.485	-0.813
81.0	0.211	-1.350	-1.967	-0.545	-0.859
81.1	0.171	-1.328	-1.987	-0.600	-0.896
81.2	0.130	-1.290	-1.985	-0.649	-0.924
81.3	0.089	-1.236	-1.962	-0.692	-0.944
81.4	0.048	-1.167	-1.919	-0.728	-0.955
81.5	0.006	-1.084	-1.857	-0.759	-0.959
81.6	-0.034	-0.988	-1.779	-0.785	-0.954
81.7	-0.075	-0.881	-1.684	-0.804	-0.943
81.8	-0.115	-0.765	-1.576	-0.819	-0.925
81.9	-0.155	-0.641	-1.456	-0.829	-0.902
82.0	-0.194	-0.511	-1.327	-0.835	-0.874
82.1	-0.232	-0.378	-1.191	-0.838	-0.842
82.2	-0.270	-0.244	-1.050	-0.837	-0.806
82.3	-0.308	-0.110	-0.908	-0.834	-0.769
82.4	-0.344	0.020	-0.765	-0.829	-0.730
82.5	-0.380	0.146	-0.625	-0.822	-0.690
82.6	-0.414	0.264	-0.489	-0.814	-0.650
82.7	-0.448	0.373	-0.360	-0.805	-0.612
82.8	-0.481	0.471	-0.240	-0.797	-0.575
82.9	-0.512	0.557	-0.131	-0.789	-0.540
83.0	-0.542	0.630	-0.034	-0.782	-0.508
83.1	-0.571	0.687	0.050	-0.776	-0.479
83.2	-0.598	0.728	0.119	-0.771	-0.454
83.3	-0.624	0.754	0.173	-0.768	-0.433
83.4	-0.648	0.762	0.212	-0.767	-0.416
83.5	-0.670	0.753	0.234	-0.768	-0.403
83.6	-0.690	0.728	0.241	-0.771	-0.394
83.7	-0.708	0.686	0.231	-0.777	-0.389
83.8	-0.724	0.629	0.207	-0.784	-0.388
83.9	-0.737	0.557	0.169	-0.793	-0.390
84.0	-0.748	0.472	0.117	-0.804	-0.395
84.1	-0.757	0.375	0.054	-0.817	-0.403
84.2	-0.763	0.268	-0.019	-0.831	-0.413
84.3	-0.766	0.153	-0.101	-0.846	-0.425
84.4	-0.767	0.030	-0.190	-0.862	-0.437
84.5	-0.765	-0.096	-0.285	-0.879	-0.449
84.6	-0.760	-0.226	-0.382	-0.896	-0.462
84.7	-0.753	-0.355	-0.480	-0.912	-0.473
84.8	-0.743	-0.483	-0.578	-0.929	-0.482
84.9	-0.731	-0.607	-0.673	-0.945	-0.490
85.0	-0.717	-0.726	-0.764	-0.959	-0.494
85.1	-0.700	-0.836	-0.849	-0.973	-0.496
85.2	-0.682	-0.937	-0.927	-0.985	-0.493
85.3	-0.662	-1.027	-0.995	-0.996	-0.487
85.4	-0.640	-1.105	-1.053	-1.005	-0.476
85.5	-0.617	-1.169	-1.101	-1.013	-0.461
85.6	-0.593	-1.219	-1.136	-1.018	-0.441
85.7	-0.569	-1.253	-1.159	-1.022	-0.417
85.8	-0.544	-1.272	-1.170	-1.024	-0.388
85.9	-0.519	-1.275	-1.168	-1.024	-0.355
86.0	-0.495	-1.263	-1.153	-1.023	-0.317
86.1	-0.472	-1.235	-1.127	-1.020	-0.276
86.2	-0.449	-1.193	-1.089	-1.016	-0.232
86.3	-0.429	-1.137	-1.041	-1.012	-0.185
86.4	-0.410	-1.068	-0.984	-1.006	-0.135
86.5	-0.393	-0.988	-0.919	-1.001	-0.084
86.6	-0.379	-0.898	-0.848	-0.995	-0.033
86.7	-0.367	-0.800	-0.771	-0.990	0.019
86.8	-0.359	-0.696	-0.691	-0.985	0.071
86.9	-0.354	-0.587	-0.610	-0.982	0.121
87.0	-0.353	-0.476	-0.529	-0.979	0.169
87.1	-0.355	-0.365	-0.449	-0.979	0.214
87.2	-0.361	-0.255	-0.373	-0.980	0.256
87.3	-0.371	-0.149	-0.302	-0.983	0.293
87.4	-0.385	-0.048	-0.238	-0.989	0.326
87.5	-0.403	0.046	-0.181	-0.997	0.354
87.6	-0.425	0.130	-0.134	-1.007	0.376
87.7	-0.451	0.204	-0.097	-1.021	0.392
87.8	-0.481	0.267	-0.072	-1.036	0.402
87.9	-0.514	0.317	-0.057	-1.055	0.405
88.0	-0.551	0.353	-0.056	-1.075	0.402
88.1	-0.591	0.374	-0.066	-1.098	0.392
88.2	-0.633	0.381	-0.088	-1.123	0.376
88.3	-0.678	0.374	-0.123	-1.149	0.354
88.4	-0.725	0.352	-0.168	-1.177	0.326
88.5	-0.773	0.315	-0.224	-1.206	0.292
88.6	-0.823	0.265	-0.290	-1.235	0.254
88.7	-0.873	0.203	-0.364	-1.264	0.212
88.8	-0.923	0.130	-0.445	-1.293	0.166
88.9	-0.974	0.046	-0.531	-1.320	0.117
89.0	-1.023	-0.046	-0.620	-1.346	0.065
89.1	-1.072	-0.145	-0.712	-1.370	0.013
89.2	-1.119	-0.249	-0.803	-1.392	-0.040
89.3	-1.163	-0.356	-0.893	-1.410	-0.092
89.4	-1.206	-0.464	-0.979	-1.425	-0.144
89.5	-1.245	-0.571	-1.059	-1.435	-0.193
89.6	-1.281	-0.675	-1.132	-1.442	-0.240
89.7	-1.313	-0.773	-1.196	-1.443	-0.283
89.8	-1.341	-0.865	-1.249	-1.439	-0.322
89.9	-1.365	-0.949	-1.290	-1.429	-0.356
90.0	-1.384	-1.022	-1.318	-1.414	-0.385
90.1	-1.398	-1.083	-1.332	-1.393	-0.409
90.2	-1.408	-1.131	-1.331	-1.366	-0.426
90.3	-1.412	-1.165	-1.314	-1.333	-0.437
90.4	-1.412	-1.184	-1.282	-1.294	-0.441
90.5	-1.406	-1.188	-1.234	-1.250	-0.440
90.6	-1.395	-1.175	-1.170	-1.200	-0.431
90.7	-1.379	-1.146	-1.091	-1.145	-0.417
90.8	-1.358	-1.102	-0.998	-1.085	-0.397
90.9	-1.332	-1.042	-0.893	-1.021	-0.371
91.0	-1.302	-0.967	-0.775	-0.954	-0.340
91.1	-1.267	-0.879	-0.647	-0.883	-0.305
91.2	-1.228	-0.778	-0.510	-0.809	-0.265
91.3	-1.185	-0.666	-0.366	-0.733	-0.223
91.4	-1.138	-0.545	-0.217	-0.656	-0.178
91.5	-1.088	-0.416	-0.066	-0.578	-0.131
91.6	-1.035	-0.281	0.086	-0.500	-0.084
91.7	-0.979	-0.142	0.236	-0.422	-0.036
91.8	-0.920	-0.001	0.382	-0.346	0.011
91.9	-0.860	0.139	0.523	-0.271	0.057
92.0	-0.798	0.277	0.655	-0.198	0.100
92.1	-0.734	0.411	0.778	-0.129	0.141
92.2	-0.669	0.538	0.888	-0.062	0.179
92.3	-0.603	0.658	0.986	0.001	0.212
92.4	-0.536	0.767	1.068	0.059	0.241
92.5	-0.469	0.865	1.134	0.114	0.265
92.6	-0.401	0.950	1.183	0.164	0.285
92.7	-0.333	1.022	1.214	0.209	0.298
92.8	-0.266	1.078	1.228	0.249	0.307
92.9	-0.199	1.119	1.223	0.285	0.311
93.0	-0.131	1.145	1.199	0.317	0.309
93.1	-0.065	1.154	1.159	0.344	0.302
93.2	0.001	1.147	1.101	0.367	0.291
93.3	0.067	1.126	1.028	0.386	0.276
93.4	0.132	1.089	0.940	0.402	0.258
93.5	0.196	1.039	0.839	0.415	0.236
93.6	0.260	0.976	0.728	0.425	0.212
93.7	0.323	0.902	0.607	0.434	0.187
93.8	0.386	0.819	0.479	0.442	0.161
93.9	0.448	0.728	0.347	0.449	0.135
94.0	0.509	0.631	0.212	0.456	0.110
94.1	0.570	0.530	0.077	0.463	0.087
94.2	0.630	0.427	-0.055	0.472	0.067
94.3	0.690	0.325	-0.182	0.482	0.050
94.4	0.749	0.225	-0.302	0.495	0.037
94.5	0.808	0.130	-0.413	0.510	0.028
94.6	0.866	0.041	-0.512	0.529	0.026
94.7	0.923	-0.039	-0.597	0.551	0.029
94.8	0.979	-0.109	-0.666	0.577	0.038
94.9	1.034	-0.167	-0.719	0.607	0.054
95.0	1.088	-0.212	-0.754	0.641	0.076
95.1	1.141	-0.242	-0.770	0.680	0.106
95.2	1.193	-0.257	-0.766	0.723	0.142
95.3	1.243	-0.256	-0.742	0.771	0.185
95.4	1.292	-0.239	-0.698	0.822	0.235
95.5	1.338	-0.205	-0.635	0.878	0.290
95.6	1.383	-0.155	-0.551	0.936	0.351
95.7	1.425	-0.088	-0.450	0.998	0.417
95.8	1.465	-0.006	-0.332	1.063	0.487
95.9	1.501	0.090	-0.198	1.129	0.560
96.0	1.535	0.199	-0.050	1.197	0.635
96.1	1.566	0.320	0.110	1.266	0.712
96.2	1.593	0.451	0.279	1.334	0.788
96.3	1.616	0.590	0.456	1.402	0.864
96.4	1.635	0.736	0.638	1.468	0.938
96.5	1.651	0.885	0.822	1.532	1.009
96.6	1.662	1.037	1.006	1.593	1.076
96.7	1.669	1.188	1.187	1.650	1.138
96.8	1.672	1.337	1.363	1.703	1.193
96.9	1.670	1.481	1.530	1.750	1.241
97.0	1.664	1.618	1.687	1.792	1.281
97.1	1.654	1.746	1.832	1.827	1.312
97.2	1.639	1.864	1.962	1.856	1.333
97.3	1.620	1.968	2.075	1.877	1.344
97.4	1.597	2.059	2.170	1.890	1.345
97.5	1.570	2.133	2.245	1.896	1.334
97.6	1.539	2.191	2.300	1.893	1.313
97.7	1.505	2.232	2.333	1.882	1.280
97.8	1.468	2.254	2.344	1.863	1.236
97.9	1.428	2.257	2.333	1.836	1.182
98.0	1.385	2.242	2.301	1.801	1.117
98.1	1.340	2.209	2.247	1.759	1.042
98.2	1.294	2.157	2.172	1.709	0.958
98.3	1.246	2.089	2.078	1.653	0.866
98.4	1.198	2.004	1.966	1.591	0.767
98.5	1.149	1.905	1.838	1.523	0.661
98.6	1.099	1.793	1.696	1.451	0.550
98.7	1.051	1.670	1.541	1.375	0.436
98.8	1.003	1.536	1.376	1.295	0.318
98.9	0.956	1.396	1.203	1.214	0.199
99.0	0.910	1.250	1.025	1.130	0.081
99.1	0.867	1.100	0.844	1.046	-0.037
99.2	0.826	0.950	0.663	0.962	-0.152
99.3	0.787	0.801	0.484	0.879	-0.263
99.4	0.752	0.655	0.311	0.798	-0.369
99.5	0.719	0.515	0.144	0.720	-0.468
99.6	0.689	0.382	-0.013	0.645	-0.560
99.7	0.663	0.259	-0.159	0.573	-0.644
99.8	0.641	0.146	-0.292	0.507	-0.718
99.9	0.622	0.046	-0.409	0.445	-0.782
